59_500-2
509
250
500
250
99.799194
43
59_500-2
509
250
500
250
98.79518
27
59_500-2
509
250
500
125
98.99599
13
59_500-2
509
250
500
83
99.196785
9
59_500-2
509
250
500
62
98.79518
7
59_500-2
509
250
500
50
98.594376
5
59_500-2
509
250
500
41
98.39357
4
59_500-2
509
250
500
35
98.79518
3
59_500-2
509
250
500
31
98.79518
3
59_500-2
509
250
500
27
98.79518
2
28_500-18
509
250
500
250
99.17013
29
28_500-18
509
250
500
250
99.17013
24
28_500-18
509
250
500
125
98.962654
12
28_500-18
509
250
500
83
98.75519
8
28_500-18
509
250
500
62
99.17013
6
28_500-18
509
250
500
50
98.75519
4
28_500-18
509
250
500
41
98.75519
4
28_500-18
509
250
500
35
99.17013
3
28_500-18
509
250
500
31
98.547714
3
28_500-18
509
250
500
27
99.17013
3
113_500-8
509
250
500
250
100.0
34
113_500-8
509
250
500
250
99.5935
26
113_500-8
509
250
500
125
99.39024
12
113_500-8
509
250
500
83
99.5935
7
113_500-8
509
250
500
62
99.5935
6
113_500-8
509
250
500
50
98.98374
5
113_500-8
509
250
500
41
99.39024
3
113_500-8
509
250
500
35
98.78049
3
113_500-8
509
250
500
31
99.5935
2
113_500-8
509
250
500
27
98.98374
2
144_500-12
509
250
500
250
100.0
29
144_500-12
509
250
500
250
100.0
23
144_500-12
509
250
500
125
100.0
11
144_500-12
509
250
500
83
100.0
7
144_500-12
509
250
500
62
100.0
5
144_500-12
509
250
500
50
100.0
5
144_500-12
509
250
500
41
100.0
3
144_500-12
509
250
500
35
99.79508
3
144_500-12
509
250
500
31
100.0
2
144_500-12
509
250
500
27
99.590164
2
34_500-32
509
250
500
250
100.0
26
34_500-32
509
250
500
250
100.0
19
34_500-32
509
250
500
125
99.57265
10
34_500-32
509
250
500
83
100.0
6
34_500-32
509
250
500
62
100.0
5
34_500-32
509
250
500
50
100.0
4
34_500-32
509
250
500
41
99.57265
3
34_500-32
509
250
500
35
100.0
2
34_500-32
509
250
500
31
99.57265
2
34_500-32
509
250
500
27
99.78632
2
20_300+30
309
150
300
150
96.0
6
20_300+30
309
150
300
150
92.333336
2
20_300+30
309
150
300
75
93.333336
1
20_300+30
309
150
300
50
92.666664
0
20_300+30
309
150
300
37
89.33333
0
20_300+30
309
150
300
30
88.666664
0
20_300+30
309
150
300
25
92.333336
0
20_300+30
309
150
300
21
87.0
0
20_300+30
309
150
300
18
89.666664
0
20_300+30
309
150
300
16
89.666664
0
53_500+50
509
250
500
250
90.8
33
53_500+50
509
250
500
250
90.0
16
53_500+50
509
250
500
125
90.200005
7
53_500+50
509
250
500
83
90.8
5
53_500+50
509
250
500
62
91.399994
4
53_500+50
509
250
500
50
87.0
3
53_500+50
509
250
500
41
88.0
2
53_500+50
509
250
500
35
89.0
2
53_500+50
509
250
500
31
87.8
2
53_500+50
509
250
500
27
89.4
1
58_300+30
309
150
300
150
92.666664
5
58_300+30
309
150
300
150
92.666664
2
58_300+30
309
150
300
75
90.0
1
58_300+30
309
150
300
50
97.0
0
58_300+30
309
150
300
37
86.666664
0
58_300+30
309
150
300
30
90.0
0
58_300+30
309
150
300
25
92.333336
0
58_300+30
309
150
300
21
89.666664
0
58_300+30
309
150
300
18
88.0
0
58_300+30
309
150
300
16
86.666664
0
35_200+20
209
100
200
100
97.0
1
35_200+20
209
100
200
100
97.5
0
35_200+20
209
100
200
50
95.0
0
35_200+20
209
100
200
33
97.0
0
35_200+20
209
100
200
25
92.5
0
35_200+20
209
100
200
20
94.5
0
35_200+20
209
100
200
16
94.5
0
35_200+20
209
100
200
14
97.5
0
35_200+20
209
100
200
12
91.0
0
35_200+20
209
100
200
11
94.0
0
55_400+40
409
200
400
200
94.75
16
55_400+40
409
200
400
200
91.5
8
55_400+40
409
200
400
100
89.75
3
55_400+40
409
200
400
66
87.0
2
55_400+40
409
200
400
50
91.0
2
55_400+40
409
200
400
40
88.75
1
55_400+40
409
200
400
33
89.75
1
55_400+40
409
200
400
28
87.5
1
55_400+40
409
200
400
25
89.5
0
55_400+40
409
200
400
22
91.25
0
10_500+50
509
250
500
250
92.0
36
10_500+50
509
250
500
250
91.0
15
10_500+50
509
250
500
125
91.0
8
10_500+50
509
250
500
83
89.4
5
10_500+50
509
250
500
62
89.4
4
10_500+50
509
250
500
50
88.4
3
10_500+50
509
250
500
41
91.2
2
10_500+50
509
250
500
35
88.0
2
10_500+50
509
250
500
31
88.4
1
10_500+50
509
250
500
27
88.200005
1
25_500+50
509
250
500
250
93.2
40
25_500+50
509
250
500
250
87.6
17
25_500+50
509
250
500
125
88.4
8
25_500+50
509
250
500
83
88.4
5
25_500+50
509
250
500
62
89.600006
4
25_500+50
509
250
500
50
87.6
3
25_500+50
509
250
500
41
90.200005
2
25_500+50
509
250
500
35
87.0
2
25_500+50
509
250
500
31
88.6
2
25_500+50
509
250
500
27
87.4
2
62_400+40
409
200
400
200
93.25
18
62_400+40
409
200
400
200
92.25
8
62_400+40
409
200
400
100
92.25
3
62_400+40
409
200
400
66
91.25
2
62_400+40
409
200
400
50
91.25
2
62_400+40
409
200
400
40
90.75
1
62_400+40
409
200
400
33
90.0
1
62_400+40
409
200
400
28
91.0
1
62_400+40
409
200
400
25
92.75
1
62_400+40
409
200
400
22
90.75
0
55_300+30
309
150
300
150
95.33333
4
55_300+30
309
150
300
150
94.333336
3
55_300+30
309
150
300
75
92.333336
1
55_300+30
309
150
300
50
92.0
1
55_300+30
309
150
300
37
95.0
0
55_300+30
309
150
300
30
90.66667
0
55_300+30
309
150
300
25
94.0
0
55_300+30
309
150
300
21
91.0
0
55_300+30
309
150
300
18
91.333336
0
55_300+30
309
150
300
16
89.666664
0
18_200+20
209
100
200
100
93.5
1
18_200+20
209
100
200
100
91.0
0
18_200+20
209
100
200
50
86.0
0
18_200+20
209
100
200
33
88.0
0
18_200+20
209
100
200
25
87.5
0
18_200+20
209
100
200
20
87.0
0
18_200+20
209
100
200
16
85.5
0
18_200+20
209
100
200
14
84.5
0
18_200+20
209
100
200
12
88.0
0
18_200+20
209
100
200
11
88.5
0
9_200+20
209
100
200
100
94.0
2
9_200+20
209
100
200
100
96.0
0
9_200+20
209
100
200
50
91.5
0
9_200+20
209
100
200
33
93.0
0
9_200+20
209
100
200
25
90.0
0
9_200+20
209
100
200
20
89.5
0
9_200+20
209
100
200
16
89.5
0
9_200+20
209
100
200
14
93.0
0
9_200+20
209
100
200
12
92.5
0
9_200+20
209
100
200
11
89.0
0
68_400+40
409
200
400
200
92.25
16
68_400+40
409
200
400
200
90.5
7
